image: map.png
resolution: 0.05
origin: [-15.924999809265136, -13.575000381469726, 0.0000]
negate: 0
occupied_thresh: 0.65
free_thresh: 0.196
